[gd_scene load_steps=5 format=3 uid="uid://2hlgssnsobk1"]

[ext_resource type="PackedScene" uid="uid://cwe8xvhdal7gy" path="res://Player/player.tscn" id="1_dd4pd"]
[ext_resource type="Material" uid="uid://0i67fpbkt4cv" path="res://GenericMaterials/PavingStones016/PavingStones016.tres" id="2_eupyd"]
[ext_resource type="PackedScene" uid="uid://ci6qf88xaywlt" path="res://Objects/StoneBalcony/StoneBalcony.glb" id="3_ijjyi"]

[sub_resource type="Environment" id="Environment_eupyd"]
background_mode = 1
background_color = Color(0, 0, 1, 1)
ambient_light_source = 1
tonemap_mode = 2
fog_enabled = true
fog_light_color = Color(0, 0, 0, 1)
fog_density = 0.04
fog_sky_affect = 0.0

[node name="Node3D" type="Node3D"]

[node name="Player" parent="." instance=ExtResource("1_dd4pd")]
transform = Transform3D(-1, 0, 8.742278e-08, 0, 1, 0, -8.742278e-08, 0, -1, 0, 1, -13.5)

[node name="WorldEnvironment" type="WorldEnvironment" parent="."]
environment = SubResource("Environment_eupyd")

[node name="OmniLight3D" type="OmniLight3D" parent="."]
transform = Transform3D(1, 0, 0, 0, 1, 0, 0, 0, 1, 11.420977, 0.955508, 0.309524)
light_energy = 3.059
omni_range = 22.081

[node name="Geo" type="Node3D" parent="."]

[node name="Balcony" type="Node3D" parent="Geo"]
transform = Transform3D(1, 0, 0, 0, 1, 0, 0, 0, 1, 0, 12, 0)

[node name="StoneBalcony" parent="Geo/Balcony" instance=ExtResource("3_ijjyi")]
transform = Transform3D(-1, 0, -8.74228e-08, 0, 1, 0, 8.74228e-08, 0, -1, 0, 0, 15.5)

[node name="Balcony2" type="Node3D" parent="Geo"]
transform = Transform3D(0.8660254, 0, -0.5, 0, 1, 0, 0.5, 0, 0.8660254, 0, 10, 0)

[node name="StoneBalcony" parent="Geo/Balcony2" instance=ExtResource("3_ijjyi")]
transform = Transform3D(-1, 0, -8.74228e-08, 0, 1, 0, 8.74228e-08, 0, -1, 0, 0, 15.5)

[node name="Balcony3" type="Node3D" parent="Geo"]
transform = Transform3D(0.5, 0, -0.8660254, 0, 1, 0, 0.8660254, 0, 0.5, 0, 8, 0)

[node name="StoneBalcony" parent="Geo/Balcony3" instance=ExtResource("3_ijjyi")]
transform = Transform3D(-1, 0, -8.74228e-08, 0, 1, 0, 8.74228e-08, 0, -1, 0, 0, 15.5)

[node name="Balcony4" type="Node3D" parent="Geo"]
transform = Transform3D(0, 0, -1, 0, 1, 0, 1, 0, 0, 0, 6, 0)

[node name="StoneBalcony" parent="Geo/Balcony4" instance=ExtResource("3_ijjyi")]
transform = Transform3D(-1, 0, -8.74228e-08, 0, 1, 0, 8.74228e-08, 0, -1, 0, 0, 15.5)

[node name="Balcony5" type="Node3D" parent="Geo"]
transform = Transform3D(-0.50000006, 0, -0.8660254, 0, 1, 0, 0.8660254, 0, -0.50000006, 0, 4, 0)

[node name="StoneBalcony" parent="Geo/Balcony5" instance=ExtResource("3_ijjyi")]
transform = Transform3D(-1, 0, -8.74228e-08, 0, 1, 0, 8.74228e-08, 0, -1, 0, 0, 15.5)

[node name="Balcony6" type="Node3D" parent="Geo"]
transform = Transform3D(-0.86602545, 0, -0.49999997, 0, 1, 0, 0.49999997, 0, -0.86602545, 0, 2, 0)

[node name="StoneBalcony" parent="Geo/Balcony6" instance=ExtResource("3_ijjyi")]
transform = Transform3D(-1, 0, -8.74228e-08, 0, 1, 0, 8.74228e-08, 0, -1, 0, 0, 15.5)

[node name="Balcony7" type="Node3D" parent="Geo"]
transform = Transform3D(-1, 0, 5.9604645e-08, 0, 1, 0, -5.9604645e-08, 0, -1, 0, 0, 0)

[node name="StoneBalcony" parent="Geo/Balcony7" instance=ExtResource("3_ijjyi")]
transform = Transform3D(-1, 0, -8.74228e-08, 0, 1, 0, 8.74228e-08, 0, -1, 0, 0, 15.5)

[node name="Balcony8" type="Node3D" parent="Geo"]
transform = Transform3D(-0.8660254, 0, 0.50000006, 0, 1, 0, -0.50000006, 0, -0.8660254, 0, -2, 0)

[node name="StoneBalcony" parent="Geo/Balcony8" instance=ExtResource("3_ijjyi")]
transform = Transform3D(-1, 0, -8.74228e-08, 0, 1, 0, 8.74228e-08, 0, -1, 0, 0, 15.5)

[node name="Balcony9" type="Node3D" parent="Geo"]
transform = Transform3D(-0.49999994, 0, 0.8660255, 0, 1, 0, -0.8660255, 0, -0.49999994, 0, -4, 0)

[node name="StoneBalcony" parent="Geo/Balcony9" instance=ExtResource("3_ijjyi")]
transform = Transform3D(-1, 0, -8.74228e-08, 0, 1, 0, 8.74228e-08, 0, -1, 0, 0, 15.5)

[node name="Balcony10" type="Node3D" parent="Geo"]
transform = Transform3D(1.1920929e-07, 0, 1, 0, 1, 0, -1, 0, 1.1920929e-07, 0, -6, 0)

[node name="StoneBalcony" parent="Geo/Balcony10" instance=ExtResource("3_ijjyi")]
transform = Transform3D(-1, 0, -8.74228e-08, 0, 1, 0, 8.74228e-08, 0, -1, 0, 0, 15.5)

[node name="Balcony11" type="Node3D" parent="Geo"]
transform = Transform3D(0.5000001, 0, 0.8660253, 0, 1, 0, -0.8660253, 0, 0.5000001, 0, -8, 0)

[node name="StoneBalcony" parent="Geo/Balcony11" instance=ExtResource("3_ijjyi")]
transform = Transform3D(-1, 0, -8.74228e-08, 0, 1, 0, 8.74228e-08, 0, -1, 0, 0, 15.5)

[node name="Balcony12" type="Node3D" parent="Geo"]
transform = Transform3D(0.8660255, 0, 0.49999994, 0, 1, 0, -0.49999994, 0, 0.8660255, 0, -10, 0)

[node name="StoneBalcony" parent="Geo/Balcony12" instance=ExtResource("3_ijjyi")]
transform = Transform3D(-1, 0, -8.74228e-08, 0, 1, 0, 8.74228e-08, 0, -1, 0, 0, 15.5)

[node name="CSGCylinder3D" type="CSGCylinder3D" parent="Geo"]
material_override = ExtResource("2_eupyd")
use_collision = true
flip_faces = true
radius = 16.0
height = 300.0
sides = 32
